87	83	84	87	91	93	94	95	96	96	98	99	101	100	100	103	108	115	117	121	129	136	142	153	159	164	169	172	177	186	203	214	222	223	223	224	224	224	225	226	227	228	228	227	222	222	221	221	220	207	195	180	163	151	154	162	163	163	171	185	188	182	176	168	168	173	169	161	161	163	157	146	135	133	134	132	133	132	135	139	143	151	151	155	164	182	196	208	205	189	172	154	141	138	142	147	153	162	170	177	185	194	206	212	218	237	258	274	280	286	285	278	271	271	275	276	280	283	287	294
85	83	85	88	91	92	94	96	97	98	99	107	112	111	110	109	109	111	118	124	128	133	142	154	164	171	178	183	188	196	213	229	242	244	244	240	235	230	227	224	223	222	218	211	200	196	195	197	201	204	199	184	168	162	167	178	182	182	182	188	196	195	191	184	184	188	183	176	174	175	167	154	139	139	143	141	139	137	135	136	138	141	148	156	165	179	189	191	185	174	159	146	138	137	142	150	158	173	182	186	195	204	212	216	225	241	257	266	270	273	269	265	260	268	269	269	272	276	279	285
85	85	87	89	91	92	94	95	97	99	101	114	120	121	121	118	115	115	121	130	136	141	146	155	166	174	180	191	198	207	218	232	238	239	238	234	223	217	209	203	200	199	198	189	179	170	171	172	177	185	193	188	178	174	177	189	196	196	196	197	202	207	206	199	200	203	201	196	192	184	172	158	148	155	160	159	155	145	137	139	140	145	149	157	167	176	181	176	169	159	150	139	135	136	142	150	159	174	185	193	201	213	224	232	240	249	255	257	259	254	251	249	252	263	263	263	264	268	272	279
85	85	87	89	91	92	94	96	97	99	103	116	127	135	142	131	125	120	123	133	143	153	163	169	176	183	190	200	209	220	229	231	220	216	213	207	200	196	191	186	182	181	180	175	162	153	152	151	156	169	182	189	187	187	191	201	205	209	211	211	214	220	220	213	214	215	215	211	200	192	179	166	159	166	172	173	171	160	147	141	148	154	156	160	166	170	164	157	152	146	139	136	131	136	143	151	159	171	182	192	201	213	222	230	238	240	241	241	239	236	236	237	246	256	255	254	257	265	276	284
86	86	88	89	91	92	94	96	97	99	105	115	121	128	136	137	129	131	126	134	146	155	164	173	183	195	206	214	224	229	223	216	206	198	192	187	181	176	171	163	155	152	152	155	150	144	138	135	141	152	165	176	182	187	191	200	203	208	218	223	225	227	230	230	235	240	239	226	213	200	191	180	180	183	186	187	182	169	152	150	156	163	171	178	180	177	168	156	145	138	135	131	128	135	142	150	157	166	176	183	192	203	213	222	228	230	231	228	225	223	223	230	241	245	243	244	252	265	277	288
87	87	88	89	91	92	94	96	97	99	101	111	115	118	120	122	132	142	137	134	144	154	162	173	184	195	210	222	224	218	208	200	192	185	174	164	157	152	148	141	135	131	131	134	134	126	120	120	124	138	150	158	162	168	173	183	191	199	208	212	216	219	222	224	233	243	246	240	225	215	207	205	203	203	203	200	189	173	156	158	166	174	182	192	192	184	171	159	146	138	132	129	128	134	140	146	153	160	167	175	186	196	206	213	219	221	219	215	213	212	214	220	228	231	230	238	250	264	277	286
88	88	88	89	91	92	94	95	97	98	100	107	109	111	113	117	125	138	146	142	143	150	157	169	183	194	210	221	218	207	197	189	182	168	156	147	139	136	131	125	119	117	116	116	114	112	108	107	108	125	137	145	147	151	155	159	169	178	186	191	194	196	199	202	214	226	238	237	236	230	223	221	219	217	212	204	190	174	165	167	175	187	199	206	200	189	176	161	147	139	130	126	127	132	137	143	148	154	164	175	185	193	199	205	209	209	206	203	202	203	207	212	214	219	228	238	249	262	273	281
89	89	89	90	92	92	93	95	96	97	99	101	105	110	112	114	118	126	135	145	155	158	163	170	183	194	206	209	205	196	185	173	160	150	142	133	129	124	118	110	108	104	104	103	102	100	99	99	99	103	119	128	130	134	138	143	149	157	163	168	170	170	172	175	188	199	209	214	219	223	226	227	225	221	212	201	189	179	176	176	183	200	213	228	209	194	181	166	152	141	131	123	125	128	133	137	142	152	162	174	184	189	192	196	197	197	195	193	194	196	201	210	218	224	230	237	248	261	269	278
90	94	95	95	96	95	95	94	95	97	99	103	111	116	118	119	120	121	126	135	145	156	165	174	180	188	194	198	193	185	170	155	147	139	130	122	116	110	103	100	99	98	98	97	97	97	96	96	96	97	99	110	112	114	117	123	131	138	143	148	151	151	150	155	164	177	186	190	195	201	208	215	220	220	216	208	202	194	189	189	192	207	221	224	210	195	184	170	156	144	132	120	120	124	128	132	138	150	160	172	179	181	182	183	184	184	185	185	189	195	202	214	222	228	233	237	245	257	266	276
95	100	103	102	100	99	98	97	96	97	99	105	112	119	124	124	127	131	131	129	138	148	157	163	168	177	186	190	181	168	154	144	136	127	119	111	103	99	98	97	96	95	94	94	94	94	93	93	93	94	96	98	99	101	104	108	115	122	128	132	134	135	134	136	145	153	163	168	172	177	183	190	198	203	205	208	209	211	206	205	203	212	223	214	204	193	180	166	153	139	129	118	117	118	122	127	134	145	158	169	170	167	167	168	170	173	176	183	189	195	202	214	221	226	230	235	240	251	263	273
95	101	105	110	108	103	100	99	98	98	99	104	111	117	124	129	134	139	141	137	136	139	146	154	162	173	186	184	167	153	141	133	124	116	108	100	98	96	95	93	93	94	95	95	95	95	95	96	95	95	93	94	95	96	97	98	100	107	114	117	119	119	120	120	123	131	140	148	152	157	161	167	172	178	183	187	190	193	199	206	213	217	218	203	191	180	167	154	141	136	131	118	116	113	117	121	130	139	153	161	159	156	156	159	162	166	172	183	189	194	200	209	218	223	228	233	238	246	260	270
90	95	99	105	116	111	110	110	100	99	100	105	112	118	119	123	129	139	149	149	150	149	145	154	164	176	182	176	158	142	129	120	113	105	99	97	95	93	95	96	97	97	98	98	98	98	98	99	98	98	96	95	93	93	94	95	97	98	100	103	106	108	111	111	111	115	120	128	135	141	145	149	152	155	158	161	167	174	184	191	198	205	216	204	189	176	166	157	151	149	146	135	118	113	113	118	126	135	144	149	149	149	150	153	159	167	175	183	190	195	198	203	214	222	226	231	236	245	258	264
90	92	95	100	118	129	129	131	120	107	105	108	114	115	114	120	130	140	150	155	160	163	153	156	166	176	176	164	151	136	123	113	107	100	97	94	95	97	98	99	100	100	98	98	98	97	97	97	98	98	100	99	97	96	94	92	94	95	97	98	98	99	99	100	102	105	109	115	118	124	130	135	137	140	143	145	147	154	161	172	183	189	195	202	210	194	182	170	166	162	154	142	121	114	109	115	123	131	136	137	138	142	151	159	169	178	183	186	190	191	194	205	217	227	232	236	239	247	256	259
91	93	96	100	115	130	148	133	118	114	112	108	108	107	111	121	132	143	143	145	148	150	146	154	164	172	168	155	145	130	116	108	101	97	94	95	98	100	99	97	95	94	93	92	92	92	92	92	92	93	94	96	99	99	97	96	94	92	94	95	95	96	96	97	98	99	100	105	109	113	117	120	124	127	129	130	132	135	142	148	156	165	177	188	198	209	199	185	177	168	160	145	125	113	106	113	120	125	128	127	131	142	154	163	171	177	181	181	182	187	196	207	219	230	240	243	248	249	246	244
94	94	96	100	110	123	135	123	114	108	105	101	101	102	108	116	124	131	130	131	135	141	148	155	162	165	159	149	137	120	111	102	98	95	95	98	99	97	94	93	91	89	88	87	86	86	87	87	87	88	89	91	93	96	99	99	97	95	93	92	92	93	93	94	95	97	98	99	100	103	107	110	112	115	116	118	119	121	123	129	135	145	160	175	186	195	205	201	184	173	161	146	129	114	105	108	114	118	119	118	127	138	148	158	163	164	166	166	175	187	197	208	216	225	234	237	237	236	232	233
96	96	96	98	103	114	120	118	110	103	99	95	96	99	100	107	113	118	117	117	127	140	151	156	156	156	150	141	127	115	106	99	96	94	97	100	97	93	90	88	86	84	83	82	81	81	81	82	82	83	83	86	87	89	92	96	100	98	96	95	95	94	93	92	93	94	95	96	97	98	99	100	102	104	106	107	109	111	113	115	120	130	141	158	172	184	195	204	196	178	163	147	130	116	105	102	107	110	111	106	112	126	135	140	146	148	149	156	170	183	191	202	207	214	216	217	217	218	220	228
98	98	98	99	102	106	110	110	106	102	98	96	95	97	99	100	103	108	108	117	131	145	148	144	143	146	146	135	120	111	102	98	94	96	99	98	94	91	88	85	82	75	60	59	58	57	58	58	58	59	62	75	81	83	85	89	94	98	99	98	98	97	96	94	93	92	93	94	95	95	96	97	98	99	99	99	100	101	103	105	111	119	130	143	158	172	186	200	201	183	164	149	135	118	104	99	100	101	103	98	98	107	115	122	127	131	141	152	163	172	180	186	193	197	200	201	202	205	211	212
100	102	104	108	115	119	117	111	105	101	98	96	95	96	98	98	99	100	112	124	138	145	140	134	133	138	142	130	116	107	100	96	94	97	100	96	91	88	85	82	70	58	56	55	54	52	51	51	52	53	55	56	58	59	68	82	85	89	93	96	98	99	98	96	95	94	93	92	92	93	94	95	96	96	97	97	98	98	98	99	104	111	119	131	146	163	179	193	201	189	173	158	142	126	110	99	97	97	96	96	93	96	97	98	104	121	135	144	152	161	168	170	174	179	188	189	195	197	194	190
112	114	119	123	123	125	125	120	110	100	98	96	95	96	96	97	98	100	113	127	140	141	134	124	123	130	138	124	113	105	99	95	95	98	99	94	89	85	82	70	58	55	53	51	49	48	46	47	46	48	49	51	52	54	55	57	59	77	83	87	90	93	100	99	98	97	96	95	94	93	92	92	93	94	95	95	95	96	95	97	99	106	114	124	137	152	168	185	193	193	181	167	154	142	127	112	100	98	96	93	91	90	90	92	96	107	119	131	140	148	153	155	158	164	173	182	189	187	180	174
128	129	133	134	133	131	125	120	108	99	97	96	96	95	95	96	98	100	111	121	125	121	118	116	118	127	135	123	111	102	98	94	96	99	97	92	87	83	71	58	55	51	49	47	46	48	51	53	51	50	49	48	46	48	50	52	55	57	59	66	81	86	91	95	99	99	99	98	97	96	93	91	91	92	92	93	93	93	93	95	97	101	110	118	131	143	159	171	182	188	185	177	166	156	144	129	116	108	101	98	96	93	90	86	91	95	105	118	127	134	138	140	144	153	165	176	180	175	168	161
138	143	144	144	136	129	122	114	106	100	98	98	97	96	95	96	98	99	105	112	114	112	110	113	119	126	132	121	109	100	97	94	97	100	95	90	85	78	58	55	51	48	45	48	50	53	56	58	57	58	58	58	56	53	49	47	50	52	54	56	58	69	80	85	90	94	96	98	100	98	95	94	94	93	92	92	91	91	91	93	95	99	105	114	124	136	146	157	171	185	198	193	180	170	161	154	146	136	119	112	104	99	94	89	82	85	91	98	104	115	120	127	136	148	161	171	171	166	157	149
150	154	154	150	138	130	124	117	110	105	100	99	98	97	95	96	97	99	99	103	105	104	110	116	122	129	129	120	108	99	96	95	98	98	93	87	82	60	55	51	48	45	48	51	54	58	60	62	63	63	63	64	63	61	59	55	49	47	49	52	54	58	63	75	84	86	88	91	95	98	97	97	96	95	94	94	92	91	90	91	94	97	100	109	118	128	137	150	166	184	202	203	188	175	174	168	162	156	147	132	119	111	102	96	89	79	77	79	87	94	107	123	137	147	157	165	162	153	144	137
164	170	164	154	142	135	128	121	115	110	104	100	98	97	95	95	96	97	98	98	99	105	112	119	124	130	124	117	102	97	94	96	100	95	89	83	68	57	52	48	46	48	51	54	57	60	62	65	67	67	67	68	68	66	65	65	60	54	47	48	51	54	57	60	73	77	81	85	89	93	97	100	99	97	97	95	94	92	91	89	92	95	98	104	112	122	137	151	165	182	200	206	189	169	158	162	166	164	161	148	135	119	111	103	94	82	76	76	81	93	112	126	141	150	155	151	146	138	132	126
188	180	168	157	144	135	128	122	116	111	105	100	98	97	95	95	95	96	96	97	99	110	117	121	126	127	122	111	99	96	95	98	98	92	86	78	58	54	49	45	47	50	52	55	57	60	63	67	70	71	72	72	73	71	71	72	71	65	58	51	47	50	53	56	59	67	74	80	84	91	95	97	99	99	98	97	96	95	93	91	89	93	96	104	113	123	138	151	165	180	194	209	189	169	153	150	154	160	160	151	140	125	114	107	98	84	76	74	80	95	117	133	147	145	142	137	132	126	120	115
193	178	163	148	138	131	124	118	114	109	105	100	98	97	95	95	95	95	96	98	101	112	121	124	126	124	119	104	98	95	97	100	95	89	83	64	56	51	46	47	49	51	53	55	58	60	64	68	72	74	76	76	77	77	78	80	81	78	70	60	52	47	49	53	56	62	71	81	85	90	92	94	96	98	100	99	98	97	96	92	88	90	95	102	112	122	134	147	158	172	184	193	190	170	153	142	136	140	146	146	138	128	116	107	97	82	73	75	84	96	120	137	143	138	129	123	119	115	111	106
176	164	147	137	131	126	119	115	111	107	102	99	98	96	96	95	95	94	96	98	101	112	120	122	124	121	112	99	96	94	98	97	92	86	81	59	54	49	45	48	50	52	54	56	58	60	65	69	73	77	79	80	83	86	88	89	92	90	81	70	60	54	46	50	54	60	70	80	85	87	88	90	93	95	98	99	100	99	98	94	91	88	95	101	111	122	132	138	148	160	174	186	188	170	153	142	129	128	130	134	131	123	115	107	96	80	71	74	85	97	119	132	132	124	116	110	106	103	100	98
156	143	136	131	124	119	116	112	108	104	100	99	97	97	97	96	95	95	96	98	100	108	113	121	122	117	105	98	95	96	99	95	90	84	72	57	52	47	47	50	52	54	55	57	59	62	67	70	72	76	82	87	91	94	98	100	103	103	91	81	71	62	53	47	51	56	60	69	78	83	85	88	90	94	95	97	98	99	100	98	92	87	93	99	110	119	127	133	141	155	169	182	184	170	153	142	129	116	114	120	121	116	110	104	95	79	69	72	83	96	112	120	118	111	105	100	98	96	95	94
145	137	132	130	124	119	116	113	110	107	103	100	99	98	98	97	96	94	96	96	97	101	109	118	119	111	100	97	94	97	100	94	88	83	60	55	51	47	47	51	54	56	57	59	62	65	67	73	78	79	79	88	95	98	100	108	118	125	105	93	81	71	60	53	47	52	56	59	67	78	83	86	90	92	93	94	96	97	98	99	97	90	88	96	105	114	122	130	139	153	167	180	181	167	153	142	127	111	102	102	106	107	103	98	87	76	66	68	81	92	103	109	106	100	98	96	94	92	91	89
151	141	140	139	138	131	126	120	116	111	109	107	104	101	100	98	97	94	94	94	94	97	103	113	112	103	97	95	94	96	99	95	89	82	58	54	51	47	48	53	55	58	59	63	68	73	73	73	77	85	87	92	97	103	103	108	114	123	123	109	91	78	68	58	52	48	51	55	60	71	82	85	88	89	90	92	93	94	96	98	99	94	86	91	100	109	118	128	138	148	156	162	162	155	145	134	119	102	91	89	92	92	90	84	76	70	63	61	74	85	94	99	97	96	94	92	90	88	86	85
162	160	159	156	152	146	137	130	121	119	118	116	112	108	103	100	97	94	96	98	98	94	100	110	107	101	95	95	96	95	97	100	88	81	58	54	50	46	48	53	57	59	65	70	76	79	81	80	79	82	86	90	93	95	95	97	100	110	116	111	90	82	75	63	55	50	48	53	57	66	81	84	85	86	88	89	91	92	94	96	97	98	90	86	95	104	114	123	132	140	147	149	147	142	134	121	105	93	83	77	76	72	70	68	63	59	57	57	59	72	83	89	91	91	89	88	86	83	81	80
169	168	167	165	162	157	148	139	133	131	129	124	118	113	108	103	98	94	97	100	100	97	99	108	105	100	96	99	100	97	94	97	98	82	58	54	50	46	49	54	58	63	69	76	81	82	83	85	85	84	84	87	89	93	98	101	104	104	110	105	99	92	82	72	59	55	50	50	54	58	80	82	83	85	86	88	90	93	94	94	95	99	94	85	89	98	107	116	125	131	136	136	133	127	117	103	90	79	71	64	59	58	56	56	55	53	53	53	54	58	64	78	84	85	85	83	82	78	74	75
159	161	167	162	161	161	155	146	147	144	140	134	125	118	113	106	99	96	98	99	99	99	97	106	104	98	98	99	99	99	96	96	99	79	57	53	49	45	49	54	58	61	66	73	77	79	79	81	85	87	86	88	92	98	109	120	122	119	117	122	115	104	92	79	66	58	54	50	51	55	59	81	82	84	87	90	92	95	96	94	91	95	100	93	84	89	97	106	114	120	121	121	112	101	89	79	73	66	59	56	54	52	50	49	48	48	49	49	50	53	56	59	67	75	79	77	72	67	73	80
140	153	164	162	153	153	150	154	164	160	151	139	133	124	117	110	101	96	97	99	98	99	94	101	102	95	100	99	99	100	97	95	99	75	57	53	49	45	49	53	58	61	64	66	70	73	75	78	83	87	89	93	98	108	114	120	120	118	128	128	124	118	96	84	70	62	57	53	49	53	56	60	83	86	89	92	95	98	98	97	93	88	91	99	94	86	86	95	100	101	97	89	79	71	68	63	60	57	54	51	48	50	51	52	52	53	52	51	50	49	52	55	57	59	59	60	61	72	80	87
134	146	161	164	157	145	141	146	155	163	156	148	141	135	122	111	103	97	95	100	97	98	98	96	96	98	99	97	99	100	97	96	99	71	57	53	49	45	49	54	58	65	69	74	74	75	75	79	82	86	90	94	97	98	98	98	100	108	121	123	125	120	98	86	76	68	60	56	52	50	53	57	60	84	89	95	98	100	103	104	101	93	84	89	95	81	81	85	85	79	73	65	59	58	57	56	54	52	49	49	52	54	56	57	57	57	57	56	55	54	52	51	53	56	57	57	59	73	83	87
131	140	153	162	161	149	138	135	137	140	149	151	150	142	129	115	107	98	94	99	98	97	99	98	99	99	98	97	98	100	96	95	99	69	57	53	49	45	50	55	59	68	77	82	83	79	76	77	80	84	88	89	90	90	90	91	95	102	112	118	121	110	96	87	79	72	65	59	56	52	50	53	57	67	84	90	95	106	105	103	101	92	82	81	82	80	77	71	65	60	58	57	55	54	53	51	49	49	51	54	56	59	68	80	80	80	80	71	60	59	57	55	54	53	54	56	58	63	81	85
126	135	145	154	162	157	142	135	131	133	136	139	144	144	138	123	113	100	94	98	98	95	98	98	98	97	96	97	99	99	96	96	99	80	57	53	49	45	49	55	60	73	82	89	93	89	80	78	79	82	84	86	87	88	88	89	93	99	106	113	108	99	97	91	83	77	71	64	59	55	52	51	54	57	73	84	90	90	87	84	81	78	75	71	66	61	59	58	56	55	54	52	51	50	48	50	52	55	57	59	77	81	82	82	82	82	82	81	81	81	74	59	58	56	56	55	57	59	72	83
117	125	135	144	158	160	151	139	134	129	126	127	127	139	140	133	116	102	94	99	97	94	95	95	95	94	96	98	100	98	96	96	99	86	58	53	49	45	49	54	60	74	85	93	99	100	92	85	83	83	83	83	84	86	87	88	90	95	102	104	99	98	96	93	88	82	77	71	64	58	55	52	52	55	58	60	67	71	67	62	60	59	58	58	57	56	54	53	52	51	49	48	50	51	53	56	58	63	80	81	82	83	84	84	84	84	83	83	83	83	82	81	66	59	58	57	56	58	60	80
108	116	125	134	146	158	156	148	140	135	130	122	117	118	127	136	119	105	94	100	97	95	93	93	93	93	97	100	97	96	94	96	99	86	58	54	49	45	48	54	60	72	84	92	100	104	102	98	93	92	91	88	87	87	88	89	89	93	98	98	97	96	94	92	89	86	83	77	70	63	59	56	53	52	55	57	58	58	58	57	55	55	54	54	53	51	50	49	49	50	52	53	54	57	59	72	80	81	82	83	84	85	86	87	87	86	85	85	85	85	85	83	81	75	61	58	56	57	59	68
99	107	119	131	144	152	150	149	148	142	139	127	117	112	118	130	123	109	96	98	97	95	93	93	95	97	98	99	96	94	95	97	99	88	59	55	50	45	48	53	58	70	82	90	96	101	109	104	99	97	94	90	89	90	91	94	94	94	96	95	95	94	92	90	87	85	83	81	77	70	64	59	56	53	52	54	55	56	55	53	51	51	50	50	48	49	50	52	53	55	56	58	60	80	80	81	81	82	83	85	86	87	88	89	89	87	87	87	87	87	83	82	81	78	63	58	56	55	57	60
88	101	116	131	144	143	137	138	144	146	141	130	119	111	113	122	126	112	99	94	95	94	93	94	96	98	100	98	96	94	96	98	100	89	63	56	51	46	46	51	56	63	81	88	93	98	105	101	98	95	93	91	92	97	100	101	99	97	95	93	92	91	90	89	88	86	84	82	80	76	70	64	59	56	53	52	53	53	52	50	51	51	50	51	52	54	55	57	58	60	73	80	81	81	81	82	82	83	84	86	88	89	91	91	91	89	89	89	89	85	80	79	72	65	59	58	57	56	56	58
80	98	114	130	140	135	126	126	134	143	141	131	119	109	107	117	127	119	105	95	93	94	92	93	96	98	99	97	95	94	96	98	99	92	80	58	53	48	44	49	54	59	78	85	91	96	99	98	96	94	90	93	97	101	103	102	101	99	96	93	91	90	89	88	87	86	85	83	81	80	74	66	60	57	55	52	52	52	53	54	55	55	56	58	59	59	60	77	81	82	82	82	82	82	82	83	83	84	85	87	89	91	92	94	93	91	91	91	89	82	76	73	78	78	76	66	60	58	57	56
80	94	112	126	129	127	118	115	126	137	140	131	118	107	101	110	123	121	112	99	96	95	94	93	95	98	100	98	96	94	96	97	99	97	86	59	55	50	45	47	52	57	69	83	89	95	97	96	95	92	92	96	100	102	104	104	102	100	97	94	92	90	88	87	86	85	84	83	82	80	70	60	58	57	54	53	54	55	55	57	59	63	80	88	90	90	82	83	83	84	84	83	83	83	83	84	84	85	86	88	90	92	94	95	96	95	94	94	90	83	80	82	86	88	88	84	78	65	59	57
80	93	107	113	115	115	109	107	116	127	136	130	118	107	99	100	115	122	114	105	99	97	94	92	94	97	100	98	97	95	95	97	98	99	92	73	57	52	47	46	51	56	63	81	87	91	94	94	93	91	93	98	102	104	106	105	103	100	97	94	91	89	88	87	85	84	83	82	81	80	60	58	57	55	54	55	56	57	58	60	82	90	90	91	90	90	87	85	86	86	86	84	85	85	85	85	85	86	88	90	91	93	95	96	97	98	97	97	91	86	84	89	95	96	95	89	84	81	68	59
74	83	86	90	93	97	96	92	102	115	126	133	124	114	101	96	100	115	115	107	99	96	93	90	92	96	99	99	97	96	95	96	97	98	99	83	58	53	48	45	50	55	59	78	85	89	92	91	91	90	94	99	104	107	108	105	102	99	97	94	91	89	87	86	85	83	82	81	80	62	58	57	55	54	55	57	58	60	79	89	90	90	91	91	91	90	90	89	89	88	87	86	86	87	87	87	87	90	91	92	93	94	95	97	98	99	100	97	92	87	88	93	98	104	102	93	89	85	80	68
53	56	59	63	66	69	73	78	91	103	117	126	128	121	108	96	95	99	106	106	99	94	90	89	94	97	100	99	97	95	94	94	95	96	98	92	60	55	50	44	49	53	58	71	83	87	89	89	88	90	94	100	105	110	107	103	101	98	95	93	90	89	87	86	84	83	81	80	69	59	57	55	55	55	57	59	61	83	89	90	91	91	91	91	91	91	90	90	90	89	88	87	87	88	88	88	90	91	92	93	94	95	96	98	100	102	103	98	93	89	91	97	102	108	106	97	93	89	84	80
40	40	40	41	45	48	52	59	74	89	101	115	124	124	116	103	91	94	96	98	96	91	87	88	94	98	99	97	96	95	94	94	94	96	98	97	77	56	51	45	48	52	57	66	81	85	86	87	88	90	94	100	105	111	106	102	99	96	94	91	89	88	87	85	84	82	81	74	60	57	56	57	58	58	58	60	82	86	90	91	91	91	91	91	91	91	91	91	90	90	90	88	88	89	90	91	92	93	94	94	95	96	97	99	103	106	104	98	93	92	94	100	108	115	113	103	97	93	88	87
39	39	40	40	40	40	40	42	53	70	87	99	115	122	120	110	98	88	88	91	91	86	83	86	94	99	98	96	95	95	95	94	94	96	98	99	85	58	52	46	47	51	56	62	80	84	84	84	84	87	92	100	107	113	108	101	98	95	92	90	89	87	86	84	83	82	80	66	58	56	57	58	60	73	80	81	83	87	90	91	91	91	91	92	91	91	91	91	91	90	90	90	90	90	91	92	93	94	95	96	97	97	99	101	107	109	104	99	96	96	97	103	113	121	121	111	101	97	92	91
39	39	39	39	39	39	39	40	40	54	72	87	97	110	112	114	105	94	87	85	87	81	81	83	91	100	97	94	95	96	96	95	95	96	98	100	88	59	53	47	46	51	55	59	76	83	82	79	80	84	90	98	103	112	109	100	97	94	91	89	88	87	85	84	83	81	75	60	57	57	59	67	81	82	82	82	86	88	90	91	91	91	92	92	92	91	91	91	91	91	91	91	91	91	92	93	94	95	96	97	98	99	100	105	111	110	106	101	99	99	101	106	115	124	121	112	104	99	96	95
42	40	40	40	39	39	39	39	40	40	53	68	83	94	100	106	107	100	91	82	81	79	78	80	92	99	95	95	97	98	98	97	95	95	97	99	90	66	54	48	45	50	54	59	71	82	81	75	78	84	89	95	102	113	110	100	96	93	90	89	87	86	85	83	82	81	72	59	57	58	63	80	83	85	84	84	88	90	90	91	91	92	92	92	92	92	92	91	91	91	92	92	93	93	93	93	94	96	97	98	99	100	103	108	114	114	110	106	103	104	104	109	117	128	123	113	106	102	99	99
58	55	51	46	42	40	39	39	39	40	40	49	61	81	88	94	100	100	90	80	77	76	79	83	94	97	100	99	99	99	99	98	96	95	97	99	93	80	56	49	45	49	54	58	70	80	79	73	80	91	99	104	109	119	111	101	96	91	89	88	87	85	84	83	82	81	70	59	56	58	66	81	85	87	87	86	89	90	91	91	91	92	92	92	92	92	92	92	92	92	93	93	94	94	95	95	95	96	97	99	102	105	108	112	117	118	114	111	107	111	111	110	118	129	128	116	115	110	103	107
66	64	62	58	52	43	40	39	39	39	40	42	47	57	73	82	88	92	88	81	77	76	80	85	90	93	96	97	97	98	100	98	96	95	97	99	95	83	57	51	44	49	53	58	67	74	69	74	85	96	108	113	119	121	114	105	97	92	89	88	87	86	85	84	83	82	71	58	57	58	65	81	87	90	90	88	90	91	91	91	91	92	92	92	92	92	92	92	93	93	94	94	95	96	96	97	97	97	97	99	102	107	113	117	122	125	119	115	113	116	118	116	118	134	136	130	122	114	109	116
73	71	68	64	58	49	40	40	39	39	40	40	46	51	56	65	75	86	91	82	77	74	79	83	85	87	90	92	93	95	99	99	96	95	96	98	98	86	59	52	47	48	52	57	60	64	66	74	84	97	112	122	129	131	121	110	99	93	90	90	89	88	87	86	85	82	72	60	58	58	64	81	87	90	90	90	90	91	91	91	92	92	92	93	93	93	93	94	94	94	95	95	96	96	97	98	98	98	99	101	103	107	112	117	132	136	130	120	117	123	129	125	121	133	143	135	126	115	115	122
80	77	73	67	62	54	44	40	39	39	40	40	45	50	54	58	68	83	96	99	82	74	72	77	81	84	90	93	94	96	99	99	97	95	96	98	100	88	66	54	51	47	51	54	56	59	65	73	82	100	114	128	138	140	128	115	102	95	91	90	90	89	88	87	86	82	77	69	60	57	63	81	88	90	90	91	91	91	91	92	92	92	93	93	93	94	94	95	95	95	96	96	97	97	98	99	100	102	106	108	111	112	112	122	140	143	139	130	124	130	140	143	138	133	147	140	130	120	122	131
81	80	77	72	67	59	49	40	40	40	40	40	45	49	53	57	61	77	92	104	91	77	70	74	84	91	97	98	98	99	100	98	97	95	96	98	100	90	73	58	54	50	48	51	56	62	72	75	82	102	116	129	142	143	133	120	107	97	93	92	91	90	89	88	87	83	79	70	60	57	64	81	88	90	91	91	91	91	92	92	92	92	92	93	93	94	95	95	96	96	97	97	98	98	99	100	105	110	115	118	119	118	116	128	145	153	146	138	132	137	146	152	148	146	150	147	138	133	137	146
82	81	80	77	70	60	51	42	40	40	40	42	43	47	51	55	59	71	83	89	85	77	69	74	87	100	99	99	99	99	98	98	96	95	96	98	100	91	79	59	55	50	48	53	58	69	85	87	90	104	115	129	142	146	138	125	111	98	95	94	93	92	90	90	87	84	80	71	60	58	66	82	88	90	91	91	91	91	91	91	92	92	92	93	93	94	95	96	96	97	98	98	99	99	100	103	107	114	121	129	132	132	130	129	145	156	161	151	141	142	151	160	162	156	156	156	147	143	147	159
82	82	81	80	72	60	51	45	41	41	42	44	45	46	49	53	57	61	69	72	74	70	67	76	92	100	99	98	97	97	97	96	95	95	97	98	99	89	81	62	52	47	48	53	58	67	87	100	102	105	115	128	140	151	142	130	115	100	97	96	95	93	92	91	90	86	82	74	63	60	69	82	88	90	90	90	90	91	91	91	91	91	92	93	94	94	95	96	97	98	98	99	99	100	103	105	108	114	122	131	140	143	144	139	144	157	164	164	154	153	151	164	166	163	161	160	156	150	153	167
83	82	81	80	72	59	52	47	43	42	44	46	48	49	50	51	54	57	59	61	64	67	73	79	95	99	99	98	97	96	96	95	95	96	97	99	98	89	81	65	52	44	48	53	58	67	85	101	111	114	118	125	136	149	147	135	118	104	99	97	96	94	93	92	92	90	84	79	68	61	73	82	85	87	90	90	90	90	90	91	91	91	92	93	94	95	95	96	97	98	99	99	100	103	107	109	110	113	119	128	134	138	141	148	145	157	164	171	167	162	158	166	173	171	170	169	166	159	159	176
83	82	81	80	70	59	54	48	43	43	47	48	50	52	53	54	55	58	62	67	70	76	83	91	100	99	98	97	97	96	95	95	96	97	98	100	95	89	81	65	53	43	48	53	58	67	83	98	109	122	131	141	143	152	159	140	123	109	100	98	97	95	95	94	92	90	86	82	74	65	68	78	80	82	81	82	84	86	90	90	91	91	92	93	94	95	96	96	97	98	99	100	101	105	109	113	115	117	118	123	127	132	137	145	151	158	165	175	178	177	171	167	176	179	179	179	176	167	167	182
83	82	81	80	69	58	53	47	42	44	48	51	52	54	55	56	59	65	70	76	80	86	93	100	99	98	98	97	96	95	95	96	97	98	99	98	93	87	81	65	53	44	47	53	58	67	81	94	107	120	137	148	153	160	165	154	132	115	103	99	98	97	96	95	92	90	87	84	81	74	66	65	69	71	72	75	79	82	87	90	91	91	92	93	94	95	96	97	97	98	99	101	105	108	111	116	120	124	125	128	131	136	142	144	153	159	167	177	187	190	184	175	175	187	191	191	190	178	173	189
82	82	81	80	69	58	53	47	42	44	48	52	55	56	58	60	67	73	79	81	92	98	100	99	98	98	97	97	96	95	96	97	98	99	98	93	89	83	76	64	54	45	47	52	57	67	84	97	112	124	139	155	160	167	173	161	141	121	109	100	99	98	97	95	93	92	89	87	84	81	77	76	75	74	73	70	73	78	83	89	90	91	92	93	94	95	95	96	96	96	98	101	106	110	114	118	124	132	138	140	140	143	151	152	153	160	170	180	193	202	199	187	179	190	201	205	203	192	183	196
82	82	81	81	69	58	53	48	43	44	49	53	56	59	61	69	76	81	82	84	91	100	99	98	98	97	97	96	95	96	97	98	99	100	91	87	83	79	70	60	53	46	47	53	60	74	92	110	127	140	147	157	170	181	180	167	150	136	122	114	102	99	98	96	95	94	92	90	88	86	85	85	85	85	80	77	73	74	78	84	89	90	90	90	91	91	91	92	94	96	99	101	106	111	115	119	125	133	140	150	154	158	159	160	161	163	173	184	198	210	215	203	194	191	202	218	221	211	196	199
83	83	82	81	80	59	54	49	44	42	49	55	59	68	75	81	83	86	90	89	90	93	98	100	99	98	97	96	96	96	97	98	99	95	85	81	76	69	60	56	51	44	49	57	67	81	95	111	129	143	158	164	173	183	189	175	163	150	137	128	119	108	100	99	98	96	95	93	92	91	91	91	90	90	86	81	77	74	75	79	84	86	86	86	87	88	90	92	94	97	99	102	107	111	115	119	125	131	138	148	159	167	171	173	173	173	175	190	202	215	229	219	210	202	200	218	236	232	215	209
85	84	83	82	80	60	55	51	47	43	44	51	61	73	82	85	88	92	95	98	98	99	99	100	99	98	97	96	97	97	98	99	97	86	77	69	63	59	56	52	47	45	53	61	74	87	98	114	130	147	166	176	179	190	198	185	176	167	156	148	140	126	116	109	101	99	98	96	94	94	93	93	92	91	90	86	83	78	75	77	79	81	82	83	86	88	90	92	95	97	99	102	107	112	116	120	127	135	143	151	161	170	179	185	188	187	187	193	205	217	241	235	221	214	208	216	240	250	237	227
86	85	83	82	81	70	57	53	49	46	42	48	57	67	80	84	88	93	97	100	100	100	100	99	99	97	96	97	98	98	99	99	89	78	66	59	56	54	51	47	43	51	59	71	83	96	109	123	140	157	172	185	190	205	208	201	190	184	178	167	157	142	133	119	112	107	102	99	97	96	96	95	95	94	91	90	89	82	78	76	77	79	80	84	86	88	90	93	95	97	99	102	107	112	118	127	137	146	155	161	169	179	189	197	204	207	202	198	208	220	243	249	242	235	227	224	242	265	262	254
86	85	84	83	82	81	60	56	52	49	46	43	51	56	63	78	83	87	94	100	100	99	99	99	98	97	97	98	99	99	98	90	82	69	58	55	52	49	47	43	50	59	70	85	97	110	125	145	161	174	185	194	201	213	221	219	206	199	194	185	176	163	140	132	125	116	111	104	99	98	98	98	97	95	93	90	87	83	81	79	78	78	79	83	88	88	91	92	94	96	99	105	114	124	134	142	148	159	166	172	182	194	200	209	219	228	223	216	214	224	244	259	259	258	255	250	246	265	284	283
87	87	86	85	83	82	80	60	56	53	50	44	44	50	55	60	73	82	89	95	100	99	99	98	98	98	98	99	100	96	89	81	68	59	55	52	49	46	44	52	59	72	89	102	113	126	144	165	179	193	203	210	215	232	241	240	227	221	215	204	192	183	169	148	135	129	122	117	112	106	103	100	99	97	94	91	89	89	88	83	79	79	80	81	85	88	88	91	93	96	100	107	116	129	143	150	158	168	176	186	200	206	214	227	244	248	243	235	232	232	246	266	275	277	278	276	272	269	285	295
89	88	87	86	84	83	82	80	64	57	54	48	43	44	50	54	59	70	82	88	94	100	99	98	98	98	99	100	97	90	82	68	59	55	52	49	46	45	53	60	73	93	107	120	130	142	159	177	198	212	222	232	236	244	249	247	249	247	236	222	207	195	185	172	157	145	137	133	130	124	118	114	111	108	102	99	98	97	98	95	93	90	88	92	93	91	89	90	94	97	101	108	116	126	138	149	158	170	182	192	204	211	222	236	253	266	267	262	254	253	256	275	290	299	300	300	297	292	297	308
91	90	89	87	86	85	83	82	81	71	58	53	48	43	44	49	53	58	68	80	87	94	100	99	99	99	99	99	92	85	72	59	55	52	49	46	44	54	62	76	96	113	127	138	152	162	172	188	205	218	231	240	243	239	233	230	231	232	232	231	224	210	197	187	174	164	158	150	146	142	137	130	126	123	121	119	117	115	113	110	107	100	98	96	95	93	91	90	94	98	104	110	115	119	129	139	149	161	171	179	193	206	220	235	256	279	287	286	283	282	282	293	306	316	322	320	315	309	311	324
94	92	90	89	87	86	84	84	83	81	76	58	53	48	43	44	49	53	58	68	79	87	94	100	100	99	99	94	87	80	60	55	52	49	46	44	54	64	78	95	110	124	141	160	174	181	190	203	213	224	236	229	225	219	212	210	210	212	213	220	214	211	208	199	186	180	175	171	169	165	157	148	140	137	137	136	135	134	130	125	115	105	99	97	95	94	92	91	94	100	104	108	113	117	127	139	149	157	170	183	195	208	223	236	259	281	298	303	302	300	301	308	317	332	346	345	339	326	327	338
95	94	92	90	88	87	87	87	85	84	82	80	59	54	49	43	44	49	54	59	70	79	87	92	95	94	91	87	82	69	57	53	48	45	44	52	64	80	94	111	128	141	155	176	190	200	211	224	233	226	218	211	203	196	186	185	184	184	184	187	188	189	190	191	192	190	191	192	189	182	174	169	168	164	160	159	158	153	146	134	117	103	99	97	95	93	92	95	99	104	109	111	113	117	131	143	156	166	176	190	206	221	231	245	265	284	303	320	323	318	318	324	337	354	371	373	366	351	349	352
97	95	93	91	90	90	90	89	88	86	84	82	81	59	54	49	44	44	49	55	62	71	78	82	84	83	82	78	72	59	54	50	45	43	52	61	79	96	116	132	146	159	170	189	202	216	225	225	213	205	197	190	184	175	169	165	164	166	167	168	169	170	170	171	172	171	170	170	172	177	181	184	183	182	179	173	167	158	146	131	115	100	98	96	95	93	96	98	100	106	112	115	118	120	131	140	152	163	175	190	207	221	231	249	268	283	299	313	321	329	333	347	359	373	388	390	381	371	365	365
98	95	93	93	93	92	92	91	90	88	86	84	83	81	60	55	49	44	44	50	55	60	64	69	70	70	67	64	60	56	51	46	42	50	59	73	94	121	135	150	164	175	188	201	215	226	225	214	200	193	186	179	170	160	155	151	148	147	148	149	149	149	148	148	147	147	148	148	148	151	154	157	160	165	164	160	157	150	142	125	108	99	97	96	94	95	96	98	100	107	114	121	125	127	129	135	140	153	162	178	195	207	217	234	255	269	284	297	305	312	320	336	353	368	385	403	398	388	383	378
97	95	95	95	95	95	95	94	92	90	88	87	86	84	81	62	55	50	44	45	50	53	55	57	58	58	57	56	55	52	47	43	49	56	67	84	113	133	151	168	183	196	207	218	225	221	211	198	189	181	173	163	155	149	143	138	134	131	128	125	123	122	121	120	120	120	120	123	127	130	133	134	135	136	137	137	137	135	124	115	100	98	98	96	95	96	97	98	101	108	116	124	134	137	138	140	141	150	157	167	177	194	203	215	232	242	259	274	287	297	309	322	345	366	383	401	413	410	406	403
98	98	98	98	98	98	97	96	94	92	91	90	88	86	84	81	65	55	50	44	43	47	49	50	51	52	52	51	50	48	44	47	56	63	76	97	123	144	163	178	198	214	222	224	218	208	196	186	177	166	157	150	144	137	132	127	122	119	117	116	115	114	113	113	111	111	111	112	112	111	113	115	118	119	119	119	119	118	111	104	99	97	96	95	95	97	98	99	103	110	117	126	136	146	152	155	161	167	172	174	178	184	192	201	213	226	236	260	277	296	314	325	344	366	384	399	418	431	434	426
103	103	104	104	104	103	100	98	96	96	95	93	91	89	86	84	82	67	55	49	47	44	42	43	44	46	47	46	45	44	47	55	64	73	87	110	130	148	168	184	200	216	223	215	204	194	184	175	166	156	148	142	136	129	122	119	116	114	112	111	110	108	106	105	104	103	101	101	100	100	99	99	99	99	101	104	104	103	99	99	97	96	95	93	96	97	99	100	106	112	118	127	136	149	160	173	184	191	198	200	201	201	202	206	213	220	235	256	277	297	315	328	340	359	377	391	404	419	436	449
114	117	118	118	116	112	106	101	100	99	98	96	94	91	89	87	84	81	60	55	52	47	43	43	46	45	44	45	48	54	64	69	75	85	96	116	133	152	167	183	202	216	221	207	193	183	174	165	156	147	140	134	128	122	118	115	112	110	108	105	104	102	101	100	99	99	98	97	97	97	97	96	96	96	95	96	95	94	91	97	96	94	92	92	95	98	99	103	110	118	125	128	136	149	165	181	195	209	220	222	223	224	225	226	230	235	244	256	275	293	308	320	333	346	362	381	393	404	411	418
127	133	134	134	128	119	113	109	108	106	101	98	96	94	91	89	86	83	81	59	54	48	44	45	50	51	50	53	61	73	82	84	89	96	106	121	135	154	168	183	201	214	219	200	186	175	166	157	149	140	134	128	122	118	115	111	109	106	104	101	99	99	98	97	97	96	95	95	94	94	94	94	93	93	92	91	91	92	94	95	93	91	91	91	93	97	103	108	115	125	135	136	138	149	164	180	196	212	228	241	245	246	246	251	260	267	274	285	294	305	315	324	335	346	358	373	382	385	388	395
140	150	156	151	139	127	118	117	116	115	109	103	99	96	93	91	88	85	82	71	56	50	44	48	53	58	60	62	72	85	89	96	104	109	116	128	139	156	169	182	200	210	209	196	182	171	162	151	141	135	129	123	119	115	112	108	105	102	100	99	97	97	96	95	95	95	95	95	94	94	93	93	92	92	92	91	91	90	90	90	90	91	92	94	99	107	113	116	121	134	144	149	152	153	160	178	195	209	224	243	259	269	276	282	285	291	300	306	314	321	331	338	347	355	354	354	357	360	364	371
155	166	174	159	143	132	130	132	131	126	118	110	102	98	95	93	90	87	84	81	58	51	45	51	57	63	69	69	68	80	85	92	101	109	121	130	140	157	169	182	199	209	207	195	182	171	161	148	137	130	124	119	116	112	109	106	102	100	98	97	97	97	98	97	97	97	97	97	97	97	96	95	95	95	94	94	94	93	93	94	95	98	100	104	110	118	127	133	138	144	151	159	171	175	175	177	190	204	218	235	256	275	290	303	308	315	319	324	335	342	347	352	345	339	333	331	330	335	341	349
167	182	183	166	149	143	146	151	149	136	125	115	107	100	97	94	92	89	86	83	64	52	46	54	62	71	77	77	75	72	77	84	93	104	117	129	140	158	170	181	195	206	205	194	182	171	160	145	134	126	120	116	113	110	106	103	100	98	97	98	99	100	100	100	100	100	100	100	99	99	99	98	98	97	97	96	96	96	97	98	99	104	108	112	120	131	144	149	152	153	158	170	185	193	195	196	198	204	217	229	244	264	281	302	316	330	335	340	345	346	342	335	328	321	314	309	309	311	319	330
183	191	185	171	160	159	166	166	161	143	131	121	112	105	100	97	94	92	88	84	75	54	48	57	75	83	86	92	89	81	79	82	91	104	118	128	138	152	165	176	189	202	202	193	181	170	158	140	132	124	118	115	111	108	104	101	99	98	99	100	106	111	113	115	115	114	114	113	110	108	107	106	103	100	99	99	99	99	102	107	110	111	116	123	133	143	153	163	168	169	171	180	193	208	216	216	216	220	226	235	245	255	272	294	310	325	341	345	342	336	328	319	306	299	292	288	288	301	311	320
193	200	190	179	176	179	179	174	164	151	137	126	118	112	106	100	97	93	89	85	81	56	48	54	69	86	93	98	104	105	102	96	91	100	113	124	133	144	157	170	181	194	198	189	177	167	153	138	129	120	117	113	110	106	103	100	99	99	100	109	117	126	140	143	144	143	138	129	125	124	123	122	120	115	109	106	106	106	114	125	134	134	131	137	146	155	164	178	187	191	194	198	211	227	242	242	241	240	242	250	262	273	288	301	313	324	342	340	333	324	313	301	286	276	272	268	278	292	302	305
202	214	215	201	199	197	192	179	169	161	148	138	132	120	114	106	99	95	91	87	84	59	52	51	57	83	92	100	110	113	115	116	106	100	107	117	126	136	147	163	175	185	193	184	174	163	150	138	128	119	116	113	110	107	103	100	99	99	104	115	129	142	156	166	167	164	155	146	145	144	144	141	136	128	119	114	113	114	121	135	148	153	148	149	156	168	183	193	204	216	220	221	230	245	261	271	270	269	267	273	283	297	306	314	324	335	338	331	321	309	297	281	268	257	254	257	270	281	286	290
216	224	228	224	221	213	202	189	181	174	164	158	148	136	120	111	102	97	94	91	87	76	55	50	54	66	89	101	122	122	131	128	121	116	111	110	119	129	139	155	168	179	185	186	174	164	152	138	127	119	116	113	110	107	103	100	99	100	110	120	137	151	164	182	188	184	173	164	168	170	166	156	148	142	132	123	120	121	128	141	155	168	165	165	175	188	198	211	223	234	242	246	252	266	280	291	294	294	294	299	306	314	321	326	335	334	328	320	305	293	283	264	250	240	239	246	253	255	260	274
235	237	235	229	227	223	210	202	191	185	178	168	157	144	129	116	108	98	95	91	89	83	59	53	52	58	85	96	116	135	147	138	132	127	122	117	116	123	132	144	161	172	178	179	175	165	153	139	129	119	116	113	110	107	104	101	100	103	114	129	149	164	176	190	204	200	190	186	188	192	187	174	160	152	141	133	128	130	137	146	159	176	185	184	192	204	217	225	235	250	266	275	281	285	297	308	315	316	317	317	320	330	329	328	326	323	318	305	295	284	270	253	239	230	227	232	236	241	251	268
256	243	227	219	218	216	214	209	202	190	178	167	156	144	131	119	109	99	90	86	86	83	73	56	51	57	80	91	105	132	149	161	149	136	131	127	127	130	132	137	152	164	169	169	168	163	154	140	127	119	116	113	110	107	104	102	100	104	114	127	149	167	182	196	206	212	210	209	212	213	199	189	176	158	148	141	138	140	145	153	165	181	194	203	212	222	228	235	246	261	275	286	292	300	312	321	322	322	321	320	319	317	313	312	311	309	303	295	288	274	257	243	232	223	215	221	229	233	248	265
254	235	218	209	202	198	196	196	196	185	172	161	152	140	129	118	107	95	85	77	77	81	80	58	53	55	60	87	97	121	145	162	166	157	142	136	135	144	142	138	146	157	158	157	155	151	149	138	126	118	115	113	110	107	104	102	103	108	113	126	142	159	175	189	199	211	220	222	223	223	214	198	184	168	154	148	148	150	154	161	174	190	203	214	224	231	237	250	263	274	286	294	302	310	313	310	305	299	297	297	297	297	297	296	294	293	289	289	281	267	251	237	227	215	204	206	222	226	240	260
240	228	213	199	191	183	183	183	181	172	160	150	140	132	120	109	100	90	70	59	58	59	59	57	54	55	59	84	94	111	134	152	164	171	166	159	150	155	150	147	147	152	145	139	139	138	137	130	122	118	115	112	109	106	104	101	105	110	115	120	132	147	157	170	183	194	207	219	224	226	222	207	191	175	162	159	159	161	165	175	185	199	212	223	232	239	258	271	281	292	291	289	291	291	290	288	285	282	279	275	274	273	272	272	271	273	274	278	277	263	245	232	221	207	197	197	204	218	234	251
228	220	206	191	179	172	170	170	170	162	147	138	129	119	107	98	92	86	60	57	56	57	56	55	53	55	58	80	90	100	122	141	155	166	179	181	173	168	157	156	156	151	144	138	135	130	128	127	120	117	114	111	108	106	104	102	107	112	117	119	126	136	147	154	163	179	193	209	221	228	224	212	198	183	174	173	174	175	180	188	195	208	222	231	240	263	281	285	279	270	266	262	260	260	259	258	258	253	249	249	257	257	251	247	248	249	256	263	267	262	243	228	215	204	194	189	194	201	224	236
213	206	195	179	171	163	160	158	155	145	135	125	115	104	97	92	85	73	59	57	57	56	56	55	54	56	59	77	86	95	110	128	143	156	171	182	184	182	176	169	163	154	146	141	140	136	130	124	119	116	113	110	108	106	103	104	109	113	115	118	120	127	136	144	154	167	183	199	216	227	229	218	204	193	188	190	190	188	191	199	209	220	229	238	252	265	269	260	253	245	237	232	224	224	235	235	235	228	227	233	242	243	234	226	226	231	238	246	253	255	243	229	217	206	193	183	185	194	209	224
195	189	177	166	158	149	142	139	135	130	121	112	102	96	92	88	81	59	59	58	59	58	58	57	55	57	59	80	87	93	99	113	129	142	154	166	179	185	188	178	167	158	150	147	145	140	131	123	118	115	112	110	108	106	103	106	110	112	114	116	117	118	124	134	145	160	176	193	210	224	234	227	218	207	202	208	207	202	203	214	225	228	229	232	233	235	237	239	231	221	208	197	192	197	208	217	217	212	209	221	230	229	217	208	208	215	224	231	237	243	242	235	222	207	193	181	174	186	199	211
179	172	161	153	144	136	129	126	121	117	108	99	95	90	87	83	81	75	69	76	80	74	65	59	57	57	59	81	87	93	98	101	115	129	140	151	162	174	186	187	174	161	155	152	148	141	131	122	117	114	112	110	108	105	103	106	108	110	112	114	115	116	119	128	144	160	176	191	208	223	232	236	233	229	226	231	230	218	220	229	236	232	222	215	210	210	211	209	204	195	184	177	175	176	183	192	191	189	195	205	215	212	202	194	192	194	201	214	224	228	230	229	222	208	193	177	165	171	187	198
167	158	150	141	133	126	119	114	111	106	99	95	90	91	90	89	92	95	98	100	98	96	89	70	58	57	59	81	87	93	95	98	103	117	129	142	153	167	183	194	181	169	161	156	149	141	132	122	117	114	111	109	107	105	104	104	106	108	111	112	113	114	118	129	144	162	181	193	206	216	224	239	246	250	251	253	256	260	254	249	237	226	215	202	192	188	183	179	177	173	167	161	162	164	169	172	172	173	178	187	193	193	192	184	177	178	185	191	200	209	213	214	212	201	186	172	159	157	170	182
154	146	137	130	122	117	112	107	102	99	96	95	97	98	100	105	110	115	117	117	114	109	102	85	59	58	59	81	88	90	93	96	99	111	125	140	152	164	181	191	191	176	168	157	143	133	128	124	119	116	112	109	106	105	105	106	106	107	109	110	113	115	118	130	148	166	181	188	196	205	217	232	236	237	242	248	262	268	263	249	232	217	205	189	176	171	165	162	158	154	153	152	150	153	155	157	158	163	168	172	176	178	179	177	168	163	168	174	179	186	191	194	191	184	175	168	157	150	159	167
140	134	126	119	115	110	105	106	104	101	100	101	105	108	113	118	128	136	137	133	125	117	105	91	60	59	60	82	85	88	92	95	98	110	124	138	150	162	178	192	197	188	174	164	150	140	136	132	121	117	113	110	107	106	106	106	106	107	108	111	113	116	118	130	147	162	170	176	185	200	213	222	222	218	223	232	250	260	244	229	215	201	186	174	167	162	152	144	141	141	140	140	140	141	142	143	144	147	152	156	158	159	160	161	155	149	150	155	159	164	167	169	171	168	165	159	151	142	148	153
131	124	119	115	111	110	112	115	117	117	116	114	114	117	121	135	146	156	156	142	132	123	108	93	62	59	61	81	84	88	91	94	98	106	122	135	147	158	174	190	207	208	192	176	166	154	143	126	118	116	112	111	110	109	107	107	107	107	109	111	114	116	118	120	135	142	161	172	183	197	208	209	202	199	203	220	233	234	224	210	197	183	173	165	157	144	139	136	134	132	131	131	131	131	131	132	134	135	137	138	140	142	141	141	140	138	137	137	141	145	147	149	151	150	150	146	139	136	140	144
125	118	115	112	114	116	118	124	134	135	133	128	128	130	138	150	161	169	164	150	134	120	109	93	84	72	81	81	83	86	90	93	97	100	112	126	138	152	170	187	206	223	221	195	177	165	153	136	119	115	114	114	113	111	110	109	108	107	109	112	114	116	118	119	127	134	152	168	179	189	195	190	183	185	201	216	223	216	205	193	180	171	162	150	138	136	134	131	129	126	124	122	121	121	122	126	125	127	128	129	130	130	131	131	130	129	128	127	126	127	128	129	128	127	130	135	133	132	136	138
119	117	116	118	119	126	135	144	151	153	151	144	142	143	150	160	175	180	166	146	131	118	107	98	90	87	86	83	82	85	88	92	95	98	106	118	130	142	159	181	197	213	219	204	184	168	155	140	124	119	118	117	115	114	112	110	109	108	110	112	113	115	117	118	120	131	146	164	171	178	180	174	172	187	200	208	208	200	188	178	169	160	145	135	131	129	128	126	124	121	119	118	116	117	117	118	118	118	119	119	119	120	120	121	120	120	120	119	119	119	119	119	119	120	124	128	128	127	131	133
120	125	132	138	143	147	151	159	164	168	168	164	156	155	158	171	183	181	159	145	131	118	112	105	98	93	91	88	85	84	87	90	94	97	101	114	126	138	152	161	180	195	210	204	185	168	155	143	140	134	120	118	116	115	113	112	110	109	109	111	112	114	116	117	119	129	144	158	163	162	160	165	179	190	192	193	190	182	173	166	155	140	133	127	123	122	121	120	119	118	116	115	114	114	114	115	114	115	114	114	115	115	116	117	117	117	117	117	118	119	119	120	121	124	125	124	124	126	127	129
138	145	153	158	163	168	170	170	174	179	183	183	176	170	171	180	187	176	155	142	137	134	122	115	106	99	96	93	89	86	86	90	93	97	100	112	123	136	148	157	171	188	206	203	185	169	160	160	157	145	129	119	117	116	114	113	112	110	109	110	112	114	115	117	119	126	142	148	148	147	151	167	178	182	180	176	174	168	161	149	137	130	124	120	119	118	117	117	116	115	115	117	117	117	118	118	118	119	119	119	118	117	114	116	117	117	118	119	120	126	128	129	130	131	132	130	130	132	131	130
150	159	174	181	186	187	187	187	188	192	197	197	194	188	186	193	184	168	158	158	159	151	138	124	112	100	96	93	90	86	87	90	94	97	101	112	123	135	149	162	176	192	206	202	185	177	179	179	166	150	135	120	119	117	116	114	113	111	109	110	112	113	115	117	119	121	131	136	135	143	154	166	171	172	169	166	163	153	142	134	127	121	119	118	116	115	115	114	115	115	117	119	122	124	125	128	130	133	135	132	128	120	118	119	120	120	122	129	134	138	141	141	140	139	138	137	136	137	135	134
166	182	190	198	203	205	204	204	206	211	213	213	210	205	199	191	182	171	173	179	176	162	144	128	114	102	97	93	90	87	89	92	95	98	102	112	123	134	148	163	176	192	207	205	197	199	201	189	170	154	140	127	120	118	117	115	113	112	110	109	111	113	115	116	118	119	122	124	134	144	154	159	160	160	158	154	145	135	127	120	119	117	116	115	114	115	116	117	117	118	122	129	135	138	141	148	155	161	164	157	147	137	128	138	146	151	156	154	152	154	151	150	149	148	147	150	148	147	140	138
185	194	203	214	221	222	220	219	224	230	234	232	224	214	203	193	185	183	185	186	177	163	145	129	116	104	98	94	91	88	90	93	96	99	105	112	122	133	145	162	175	190	205	218	218	219	215	195	174	156	145	134	127	119	118	116	114	113	111	110	111	112	114	115	117	118	118	122	134	144	147	149	149	149	145	138	130	121	119	117	116	115	114	115	116	117	119	119	122	123	129	142	150	153	159	170	177	180	181	178	162	152	142	145	159	171	179	182	180	175	164	159	158	159	162	170	171	169	162	151
192	201	214	228	236	239	238	239	247	256	257	248	232	220	209	199	196	195	188	178	172	161	146	130	118	108	99	96	93	89	90	93	97	101	108	114	122	132	145	164	179	194	209	222	233	234	220	196	177	157	148	141	135	123	119	117	115	114	112	111	110	111	113	114	115	115	116	119	126	132	137	138	139	135	130	120	119	118	116	115	114	115	117	118	118	119	123	132	142	142	140	148	158	168	180	188	192	196	195	191	186	171	157	154	162	176	193	202	200	198	188	180	176	174	179	187	194	191	182	166
199	216	229	242	253	256	258	261	270	275	264	252	237	229	219	215	210	197	180	173	166	156	146	139	126	113	103	98	94	91	90	94	97	101	109	115	124	136	150	170	185	200	214	228	241	239	221	197	180	162	157	150	143	131	120	118	116	115	113	112	110	111	112	113	113	113	115	117	119	120	121	123	122	120	119	119	118	117	115	114	115	117	119	122	124	127	129	138	150	158	157	153	163	178	189	197	205	210	212	209	201	194	182	166	166	175	193	207	217	218	211	200	196	196	196	202	215	213	205	186
210	226	238	258	272	277	280	284	287	275	259	255	247	241	231	218	205	188	174	166	160	154	152	145	137	123	110	99	95	92	91	94	97	100	109	117	126	139	155	175	191	205	219	234	242	239	222	201	189	178	171	160	151	138	125	119	117	116	114	112	110	111	111	111	111	112	114	116	118	118	118	119	119	118	118	117	117	116	114	114	116	118	122	129	134	137	140	144	150	164	167	166	165	177	187	200	210	220	225	227	223	217	205	191	175	175	188	201	216	228	227	220	219	218	216	218	233	236	221	205
222	236	253	271	290	309	309	290	271	258	251	246	242	231	219	206	194	178	169	160	149	146	144	143	140	125	108	98	96	92	92	94	97	100	108	116	127	139	156	176	191	205	218	236	243	241	227	214	207	198	185	172	157	145	132	120	118	116	114	112	112	112	113	112	112	112	113	115	116	116	117	117	117	117	116	116	115	114	114	115	117	119	123	132	140	151	160	164	164	165	176	180	181	180	185	198	208	221	230	237	237	232	222	208	194	186	191	198	208	224	238	245	242	240	238	243	255	252	234	219
234	249	266	283	291	286	280	264	251	247	242	236	228	216	206	195	184	172	161	147	140	139	138	137	127	113	100	98	95	93	93	94	97	100	107	116	127	139	155	173	188	204	218	237	245	243	241	230	222	211	200	178	162	150	138	126	119	117	115	114	114	114	115	114	113	112	112	113	114	115	115	115	115	115	115	115	114	114	115	116	117	119	126	135	147	163	172	176	176	174	176	191	198	199	195	195	207	219	229	240	247	245	238	220	208	201	202	208	212	219	236	253	263	263	263	273	279	273	253	232
252	267	280	283	273	264	252	241	235	231	227	219	212	203	192	181	172	162	149	136	127	125	124	121	112	103	98	96	94	95	95	95	97	100	107	116	127	139	155	171	186	203	218	239	245	247	245	240	228	214	200	181	169	156	147	139	126	117	117	117	116	116	116	116	115	114	112	112	113	113	113	113	114	114	113	113	114	115	116	117	118	120	129	139	153	166	176	186	183	181	182	192	203	213	214	210	206	216	227	235	244	257	253	242	227	214	211	217	225	231	235	250	262	273	277	289	299	288	270	246
258	272	279	266	253	241	231	224	218	212	206	200	193	184	175	167	159	150	137	125	118	117	116	112	102	99	97	97	97	97	96	95	97	99	106	116	127	142	156	172	187	202	217	239	243	245	250	240	228	213	197	180	168	163	155	144	133	124	119	119	119	119	118	118	116	115	113	113	114	114	114	114	114	114	113	113	115	116	117	118	119	121	131	142	156	166	175	186	193	192	194	194	203	213	223	223	222	221	224	232	246	260	266	260	247	234	222	229	242	254	262	269	275	277	291	309	312	296	281	260
252	265	263	248	235	223	212	204	197	190	183	177	172	167	159	153	147	136	126	117	112	111	107	102	100	99	100	100	99	98	97	96	97	99	106	116	128	143	157	172	185	196	206	216	232	241	251	240	226	211	196	179	171	163	154	146	139	133	128	126	125	123	122	120	118	117	116	116	116	116	116	116	116	116	115	114	116	118	119	120	121	124	130	139	153	163	173	182	190	200	204	204	206	211	218	229	235	238	234	236	246	263	274	274	265	257	245	240	255	271	286	295	302	303	309	324	324	307	290	272
236	243	242	230	217	206	192	181	174	169	163	158	153	149	145	140	132	120	116	112	106	104	105	105	105	107	109	112	109	99	97	97	98	100	107	115	125	143	156	166	177	188	195	203	216	235	250	245	228	211	197	180	171	163	159	155	152	145	138	135	133	131	128	125	122	120	118	118	118	118	118	118	117	117	117	116	117	119	120	122	124	127	130	138	145	156	167	175	184	197	206	213	214	219	222	229	238	245	247	245	250	265	280	289	285	278	269	262	264	279	297	314	322	322	335	337	333	321	298	283
217	219	216	208	194	181	172	164	157	151	145	140	137	134	130	124	118	113	111	107	109	111	112	112	113	116	120	124	116	99	97	99	100	100	105	113	122	135	148	159	169	182	191	200	213	227	245	250	240	219	207	195	187	183	178	173	165	156	149	142	140	137	134	131	128	126	123	121	120	120	120	119	119	119	119	118	118	120	124	126	128	130	132	137	145	154	165	172	182	196	206	214	220	223	228	233	240	251	256	258	262	270	286	300	307	303	291	278	275	283	301	320	334	346	356	356	342	328	311	293
194	195	193	187	176	166	157	149	142	136	131	124	121	119	118	116	112	113	113	114	116	118	119	119	121	126	133	136	125	100	98	99	100	101	105	111	119	132	143	154	165	179	189	198	211	225	241	251	253	242	228	219	211	206	202	190	177	165	154	149	147	143	140	138	135	131	127	127	126	125	124	123	122	122	122	120	119	123	127	131	133	135	137	138	146	154	160	171	181	194	205	213	221	225	229	233	241	253	265	273	277	284	294	318	326	323	317	297	290	292	307	325	342	357	373	371	358	337	325	309
173	174	173	167	160	154	147	138	132	124	119	118	116	117	118	119	120	121	122	124	126	127	128	130	132	137	143	146	134	113	100	100	101	101	105	111	117	128	141	151	160	173	185	196	207	216	227	238	250	254	248	241	235	229	218	205	189	174	159	156	153	151	149	145	139	136	132	132	131	130	129	128	127	126	126	124	122	124	129	133	138	141	143	144	148	151	157	166	175	185	196	206	213	219	226	233	241	253	267	282	294	303	314	327	342	340	331	323	311	311	325	339	351	368	388	388	373	356	336	319
158	157	156	154	151	145	138	132	125	123	126	127	128	129	130	131	131	131	133	134	135	137	139	142	145	147	152	153	142	125	101	100	101	102	105	111	116	124	139	147	154	161	174	184	198	207	216	228	243	259	262	261	250	241	227	213	199	185	179	173	167	160	157	153	146	140	138	137	137	136	134	133	131	131	130	128	126	124	128	133	137	143	149	152	156	160	162	165	169	177	184	195	204	213	222	231	239	250	261	285	303	323	330	340	351	359	349	336	330	333	346	357	367	386	403	406	388	370	352	331
146	143	142	141	140	138	132	126	126	130	134	137	140	142	142	142	142	143	145	147	149	151	154	156	158	161	163	160	148	132	117	106	105	103	105	110	114	120	134	140	147	155	163	175	187	200	211	223	240	258	271	278	266	251	237	225	216	208	201	196	189	180	170	160	152	148	147	145	145	142	139	138	136	135	134	132	130	128	128	132	136	140	146	153	158	163	167	171	173	176	185	194	204	213	222	230	237	246	257	278	305	323	335	347	356	370	367	352	345	352	364	374	386	400	418	423	403	379	362	339
160	147	137	135	134	133	127	130	134	137	141	145	149	154	157	159	157	156	158	160	164	167	170	172	175	176	174	169	154	139	124	114	112	108	104	107	112	118	128	135	143	152	161	175	191	202	211	223	239	259	273	282	282	267	253	241	235	229	220	206	193	181	170	164	158	158	158	157	154	150	148	145	143	140	138	136	134	132	129	131	134	138	144	150	156	162	164	172	176	179	185	194	203	212	220	227	235	243	254	270	293	314	328	342	358	375	378	363	357	370	382	391	403	413	420	417	402	383	367	349
180	165	149	137	132	129	133	137	141	146	151	153	157	165	174	177	177	173	173	177	180	185	190	192	193	194	189	177	160	145	131	120	116	112	108	105	111	116	123	131	142	153	162	178	193	205	213	223	239	260	273	285	286	281	268	256	250	238	223	207	194	181	175	175	174	173	169	166	162	158	155	151	148	145	143	141	139	136	134	132	134	137	144	150	155	158	160	166	176	183	191	198	204	211	218	226	234	242	254	268	290	309	326	341	360	379	383	372	371	390	400	408	415	407	400	393	386	375	365	354
182	167	150	137	132	134	138	144	150	156	161	166	168	177	187	194	192	192	192	197	202	207	210	212	213	213	204	181	166	152	137	126	118	114	111	107	109	114	119	128	140	152	164	179	192	201	210	221	238	258	274	286	293	289	282	270	252	241	225	210	197	191	190	190	190	184	177	171	167	161	157	153	151	150	148	146	144	139	137	135	134	137	144	150	153	155	157	161	172	182	191	203	209	215	222	230	239	248	257	274	297	312	330	350	369	382	392	384	392	405	412	406	398	391	384	377	369	361	354	353